   h    k    l      d (Å)      F(real)      F(imag)          |F|         2θ          I    M ID(λ) Phase
   1    1    0   4.158799    31.711739     0.120775       31.712   21.36775   71.27506    4     1     1
   2    0    0   3.793273    19.111688     0.095930      19.1119   23.45468   10.65903    2     1     1
   1    1   -1   3.786529     9.755582     0.043204      9.75568   23.49705    5.53368    4     1     1
   1    1    1   3.027390   -25.035656    -0.104812      25.0359   29.50864   22.51390    4     1     1
   2    0   -2   2.920930   -67.677649    -0.293946      67.6783   30.60998   76.04702    2     1     1
   0    0    2   2.812295   -80.923816    -0.347189      80.9246   31.82313  100.00000    2     1     1
   1    1   -2   2.627104   -32.927217    -0.209826      32.9279   34.13271   28.44713    4     1     1
   0    2    0   2.486250    38.178088     0.125836      38.1783   36.13119   16.88510    2     1     1
   3    1   -1   2.429809    42.336724     0.201722      42.3372   37.00051   39.41443    4     1     1
   0    2    1   2.273995    28.086717     0.242014      28.0878   39.63812   14.89757    4     1     1
   3    1    0   2.254094   -22.442112    -0.239014      22.4434   40.00294    9.31994    4     1     1
   3    1   -2   2.207768     0.734860     0.110454     0.743114   40.87940    0.00974    4     1     1
   2    2   -1   2.115162   -13.352525    -0.098270      13.3529   42.75499    2.84337    4     1     1
   1    1    2   2.114678    -5.974615     0.052285      5.97484   42.76525    0.56899    4     1     1
   2    2    0   2.079400   -19.653610    -0.103857      19.6539   43.52747    5.91715    4     1     1
   4    0   -2   2.012216    15.904659     0.085317      15.9049   45.05908    1.79229    2     1     1
   2    0    2   1.908091    14.208324     0.060637      14.2085   47.66558    1.25938    2     1     1
   4    0    0   1.896637     0.598732    -0.056910      0.60143   47.97145    0.00222    2     1     1
   2    2   -2   1.893265   -10.699258    -0.034641      10.6993   48.06228    1.40163    4     1     1
   1    1   -3   1.878922    -3.495083    -0.033215      3.49524   48.45259    0.14686    4     1     1
   3    1    1   1.865109   -37.081074    -0.230486      37.0818   48.83477   16.23712    4     1     1
   0    2    2   1.862702   -19.072516    -0.071900      19.0727   48.90200    4.28205    4     1     1
   2    2    1   1.818945    -2.164301    -0.037040      2.16462   50.15857    0.05206    4     1     1
   3    1   -3   1.813208   -22.497122    -0.130501      22.4975   50.32833    5.58071    4     1     1
   1    3    0   1.619303    23.796942     0.193552      23.7977   56.86599    4.72982    4     1     1
   4    2   -1   1.595873    15.085501     0.108214      15.0859   57.77888    1.83349    4     1     1
   1    3   -1   1.594560   -27.444363    -0.203444      27.4451   57.83098    6.05595    4     1     1
   2    2   -3   1.585771    18.621216     0.218791      18.6225   58.18209    2.75041    4     1     1
   1    1    3   1.578477    27.674276     0.181376      27.6749   58.47692    6.00547    4     1     1
   5    1   -2   1.572467    25.220338     0.211209      25.2212   58.72221    4.94101    4     1     1
   5    1   -1   1.565551    20.862444     0.179445      20.8632   59.00722    3.34440    4     1     1
   4    2   -2   1.564127    31.146885     0.230387      31.1477   59.06627    7.43759    4     1     1
   2    0   -4   1.547100    65.438035     0.415612      65.4394   59.78201   15.97692    2     1     1
   1    3    1   1.520292     0.036350     0.055651    0.0664708   60.94693    0.00003    4     1     1
   2    2    2   1.513695    29.842612     0.213206      29.8434   61.24104    6.29765    4     1     1
   4    2    0   1.507957   -19.148757    -0.210298      19.1499   61.49928    2.56897    4     1     1
   3    1    2   1.505259    24.035002     0.240841      24.0362   61.62151    4.02945    4     1     1
   0    2    3   1.496945   -13.095597    -0.143371      13.0964   62.00148    1.18007    4     1     1
   5    1   -3   1.467953   -28.107636    -0.226847      28.1086   63.36626    5.18175    4     1     1
   3    1   -4   1.464295    12.366888     0.069038      12.3671   63.54301    0.99698    4     1     1
   1    3   -2   1.461074   -21.249754    -0.228516       21.251   63.69955    2.92805    4     1     1
   4    0   -4   1.460465    -1.688558     0.034492      1.68891   63.72925    0.00924    2     1     1
   5    1    0   1.451250   -12.094229    -0.055316      12.0944   64.18211    0.93293    4     1     1
   1    1   -4   1.436149    15.918632     0.163108      15.9195   64.93926    1.57582    4     1     1
   4    2   -3   1.431396    -4.860329    -0.070462      4.86084   65.18155    0.14574    4     1     1
   3    3   -1   1.424324    32.826567     0.176713       32.827   65.54564    6.56794    4     1     1
   0    0    4   1.406147    16.630103     0.162021      16.6309   66.50185    0.81723    2     1     1
   6    0   -2   1.392472   -33.262971    -0.167390      33.2634   67.24127    3.19376    2     1     1
   3    3    0   1.386266    12.088977     0.051547      12.0891   67.58270    0.83478    4     1     1
   3    3   -2   1.375281   -17.586872    -0.102516      17.5872   68.19636    1.73376    4     1     1
   1    3    2   1.351883   -18.418346    -0.125462      18.4188   69.54449    1.82657    4     1     1
   4    2    1   1.348273   -11.740995    -0.039021      11.7411   69.75767    0.73761    4     1     1
   4    0    2   1.334062   -24.934051    -0.101850      24.9343   70.61076    1.62310    2     1     1
   2    2   -4   1.313552    22.794585     0.119790      22.7949   71.88289    2.61900    4     1     1
   5    1   -4   1.305302   -15.405568    -0.255392      15.4077   72.40882    1.17974    4     1     1
   5    1    1   1.285835    -8.991874    -0.103383      8.99247   73.68402    0.38871    4     1     1
   1    3   -3   1.283733    25.876993     0.227411       25.878   73.82467    3.20760    4     1     1
   3    3    1   1.279301   -31.997779    -0.245551      31.9987   74.12314    4.86763    4     1     1
   6    0    0   1.264424    42.242306     0.347949      42.2437   75.14482    4.13658    2     1     1
   3    3   -3   1.262176    -9.012293    -0.005964      9.01229   75.30193    0.37513    4     1     1
   4    2   -4   1.259275   -18.599660    -0.146795      18.6002   75.50577    1.59014    4     1     1
   2    2    3   1.256049     9.905092     0.107835      9.90568   75.73385    0.44857    4     1     1
   1    1    4   1.247761    -6.579271    -0.208456      6.58257   76.32688    0.19537    4     1     1
   0    4    0   1.243125    -1.161745    -0.036817      1.16233   76.66312    0.00302    2     1     1
   3    1    3   1.232374    18.752095     0.200042      18.7532   77.45567    1.54613    4     1     1
   6    0   -4   1.231974     8.209407    -0.015907      8.20942   77.48554    0.14805    2     1     1
   0    2    4   1.223955    -6.457712    -0.057647      6.45797   78.08921    0.18087    4     1     1
   6    2   -2   1.214905    -5.731135     0.053494      5.73138   78.78328    0.14041    4     1     1
   0    4    1   1.213832    -5.622682     0.073406      5.62316   78.86647    0.13493    4     1     1
   3    1   -5   1.202272     5.585823     0.058977      5.58613   79.77557    0.13077    4     1     1
   6    2   -1   1.194569    -4.948662    -0.142851      4.95072   80.39451    0.10150    4     1     1
   2    4   -1   1.187751    12.387204     0.126918      12.3879   80.95150    0.62894    4     1     1
   2    4    0   1.181307    -5.024339    -0.029980      5.02443   81.48598    0.10247    4     1     1
   6    2   -3   1.180591    -8.124095     0.001576       8.1241   81.54585    0.26762    4     1     1
   4    2    2   1.175527    -1.319112     0.099262      1.32284   81.97223    0.00704    4     1     1
   1    3    3   1.174522    22.796575     0.127949      22.7969   82.05745    2.08861    4     1     1
   5    3   -2   1.172040    -4.810899    -0.061946       4.8113   82.26879    0.09270    4     1     1
   5    3   -1   1.169167     8.672131     0.123026        8.673   82.51491    0.29997    4     1     1
   2    0    4   1.168248    -4.201892    -0.083318      4.20272   82.59408    0.03517    2     1     1
   7    1   -2   1.160375   -15.939108    -0.164758        15.94   83.27885    1.00074    4     1     1
   1    1   -5   1.154972     8.283136     0.080797      8.28353   83.75627    0.26825    4     1     1
   7    1   -3   1.144854    -6.471908    -0.079878       6.4724   84.66757    0.16156    4     1     1
   2    4   -2   1.143842     2.882075     0.034208      2.88228   84.75990    0.03200    4     1     1
   3    3    2   1.143404    -5.447240    -0.050372      5.44747   84.80004    0.11423    4     1     1
   5    1   -5   1.137396    22.990615     0.217309      22.9916   85.35391    2.01913    4     1     1
   0    4    2   1.136998     2.145495     0.035287      2.14578   85.39097    0.01758    4     1     1
   7    1   -1   1.128214     5.325711     0.034104      5.32582   86.21685    0.10711    4     1     1
   6    2    0   1.127047    12.120293     0.072415      12.1205   86.32793    0.55398    4     1     1
   2    4    1   1.126822   -22.255551    -0.315652      22.2578   86.34938    1.86768    4     1     1
   5    3   -3   1.126793   -25.000674    -0.236776      25.0018   86.35217    2.35649    4     1     1
   3    3   -4   1.125136    16.069935     0.173219      16.0709   86.51060    0.97171    4     1     1
   5    1    2   1.119389    -9.054183    -0.121078      9.05499   87.06538    0.30641    4     1     1
   5    3    0   1.119185     6.683329     0.123427      6.68447   87.08523    0.16694    4     1     1
   1    3   -4   1.112215    15.701430     0.210178      15.7028   87.76966    0.91406    4     1     1
   6    2   -4   1.103884    -8.305439    -0.181587      8.30742   88.60442    0.25356    4     1     1
   2    2   -5   1.101170   -12.592127    -0.254199      12.5947   88.88042    0.58119    4     1     1
   4    2   -5   1.093458    -4.641516    -0.051509       4.6418   89.67567    0.07835    4     1     1
   7    1   -4   1.086925    -3.815543     0.005542      3.81555   90.36263    0.05262    4     1     1
   4    4   -1   1.067234    34.736259     0.415256      34.7387   92.51063    4.29517    4     1     1
   2    4   -3   1.064197    -6.176097     0.041051      6.17623   92.85287    0.13550    4     1     1
   7    1    0   1.058932    26.463132     0.213976       26.464   93.45339    2.47962    4     1     1
   4    4   -2   1.057581     4.051008     0.025392      4.05109   93.60896    0.05806    4     1     1
   2    2    4   1.057339   -16.055800    -0.228827      16.0574   93.63688    0.91207    4     1     1
   5    3   -4   1.048016     7.789234     0.044939      7.78936   94.72876    0.21362    4     1     1
   2    4    2   1.041575     4.470694     0.026159      4.47077   95.50123    0.07019    4     1     1
   8    0   -2   1.040599   -29.041014    -0.410558      29.0439   95.61963    1.48062    2     1     1
   4    4    0   1.039700    -1.783721    -0.025341       1.7839   95.72898    0.01117    4     1     1
   5    3    1   1.037859     7.003599     0.059262      7.00385   95.95386    0.17205    4     1     1
   0    4    3   1.036069     8.895880     0.064050      8.89611   96.17376    0.27743    4     1     1
   6    2    1   1.033095    16.139941     0.243900      16.1418   96.54201    0.91269    4     1     1
   3    1    4   1.032107   -12.057851    -0.113866      12.0584   96.66500    0.50922    4     1     1
   4    0   -6   1.029470   -20.366812    -0.232151      20.3681   96.99545    0.72605    2     1     1
   1    1    5   1.027891   -20.995387    -0.227493      20.9966   97.19448    1.54270    4     1     1
   0    2    5   1.024893     1.658555     0.003599      1.65856   97.57545    0.00962    4     1     1
   4    2    3   1.020389     0.495541    -0.097032     0.504951   98.15464    0.00089    4     1     1
   1    3    4   1.017526    10.685845     0.063724       10.686   98.52724    0.39930    4     1     1
   2    0   -6   1.014688   -39.596312    -0.388319      39.5982   98.90004    2.74177    2     1     1
   4    4   -3   1.013575   -23.673232    -0.362325       23.676   99.04722    1.96048    4     1     1
   3    1   -6   1.009904   -11.666671    -0.194635      11.6683   99.53658    0.47637    4     1     1
   3    3    3   1.009130    13.105778     0.172427      13.1069   99.64057    0.60115    4     1     1
   6    2   -5   1.006546    10.457164     0.096620      10.4576   99.98950    0.38287    4     1     1
   8    0   -4   1.006108    33.833648     0.387202      33.8359  100.04904    2.00425    2     1     1
   6    0    2   1.006002   -30.805414    -0.420018      30.8083  100.06343    1.66166    2     1     1
   7    1   -5   1.003437    10.773065     0.155642      10.7742  100.41358    0.40670    4     1     1
   3    3   -5   0.992401   -11.598955    -0.165602      11.6001  101.95583    0.47340    4     1     1
   5    1   -6   0.989038     0.736245     0.162932     0.754058  102.43792    0.00200    4     1     1
   1    5    0   0.986064   -15.130503    -0.182177      15.1316  102.86912    0.80834    4     1     1
   4    4    1   0.982743   -32.551263    -0.318955      32.5528  103.35603    3.74927    4     1     1
   1    5   -1   0.980395   -20.769885    -0.252575      20.7714  103.70395    1.52909    4     1     1
   5    1    3   0.973806     4.556024     0.043529      4.55623  104.69667    0.07397    4     1     1
   6    0   -6   0.973643     6.318991     0.093388      6.31968  104.72143    0.07117    2     1     1
   7    1    1   0.970747    -7.277261    -0.044934       7.2774  105.16583    0.18926    4     1     1
   2    4   -4   0.969052    -0.979239    -0.036648     0.979925  105.42831    0.00344    4     1     1
   7    3   -2   0.968443   -15.298913    -0.211014      15.3004  105.52296    0.83850    4     1     1
   1    3   -5   0.965296    -5.232238    -0.113258      5.23346  106.01588    0.09843    4     1     1
   1    1   -6   0.963290    -6.980642    -0.007767      6.98065  106.33319    0.17552    4     1     1
   1    5    1   0.962358     2.582163     0.107396       2.5844  106.48141    0.02408    4     1     1
   8    2   -2   0.959912    -5.957667    -0.115795      5.95879  106.87321    0.12842    4     1     1
   8    2   -3   0.959651    17.200889     0.256593      17.2028  106.91534    1.07067    4     1     1
   7    3   -3   0.959365     8.939669     0.115554      8.94042  106.96142    0.28929    4     1     1
   5    3   -5   0.954964    24.863939     0.214053      24.8649  107.67763    2.25069    4     1     1
   4    0    4   0.954045    30.480551     0.296541       30.482  107.82874    1.69339    2     1     1
   4    2   -6   0.951156    -1.027650     0.008595      1.02769  108.30779    0.00387    4     1     1
   7    3   -1   0.949510   -10.383917    -0.225080      10.3864  108.58321    0.39585    4     1     1
   8    0    0   0.948318    17.601265     0.289983      17.6037  108.78373    0.56962    2     1     1
   1    5   -2   0.946798    17.158136     0.222602      17.1596  109.04106    1.08512    4     1     1
   4    4   -4   0.946632    -4.272524    -0.028567      4.27262  109.06923    0.06729    4     1     1
   2    4    3   0.945260    28.655198     0.414628      28.6582  109.30315    3.03430    4     1     1
   5    3    2   0.944231   -12.387222    -0.193546      12.3887  109.47926    0.56802    4     1     1
   2    2   -6   0.939461   -14.284833    -0.100686      14.2852  110.30650    0.76164    4     1     1
   0    0    6   0.937432     4.883454     0.020951       4.8835  110.66364    0.04467    2     1     1
   3    5   -1   0.936575    19.397110     0.120504      19.3975  110.81524    1.41200    4     1     1
   8    2   -1   0.933360   -16.774228    -0.220877      16.7757  111.38981    1.06287    4     1     1
   8    2   -4   0.932639    10.215579     0.099732      10.2161  111.51975    0.39476    4     1     1
   6    2    2   0.932554    -7.783963    -0.122464      7.78493  111.53498    0.22927    4     1     1
   0    4    4   0.931351    -3.544852    -0.031435      3.54499  111.75289    0.04766    4     1     1
   6    4   -2   0.927345     0.414549     0.030364     0.415659  112.48691    0.00066    4     1     1
   3    5    0   0.925505    -3.621940    -0.020322        3.622  112.82851    0.05040    4     1     1
   7    3   -4   0.924501     7.391645     0.147559      7.39312  113.01617    0.21048    4     1     1
   3    5   -2   0.922214     7.544958     0.077704      7.54536  113.44677    0.22044    4     1     1
   6    4   -1   0.918205    14.274839     0.065048       14.275  114.21298    0.79698    4     1     1
   1    5    2   0.915059     9.194607     0.103897      9.19519  114.82474    0.33345    4     1     1
   9    1   -3   0.912548    -8.012717    -0.060605      8.01295  115.31958    0.25497    4     1     1
   6    4   -3   0.911812   -27.962397    -0.262335      27.9636  115.46597    3.11170    4     1     1
   7    1   -6   0.911697    12.385558     0.169063      12.3867  115.48886    0.61075    4     1     1
   4    4    2   0.909473     0.386539     0.028747     0.387607  115.93427    0.00060    4     1     1
   7    3    0   0.907091    19.708071     0.231013      19.7094  116.41685    1.56737    4     1     1
   6    2   -6   0.906604    15.785834     0.235949      15.7876  116.51619    1.00716    4     1     1
   2    2    5   0.905977    -9.524999    -0.072124      9.52527  116.64443    0.36733    4     1     1
   9    1   -2   0.905380   -13.893996    -0.069969      13.8942  116.76696    0.78301    4     1     1
   9    1   -4   0.896230    22.969130     0.198693        22.97  118.69395    2.20586    4     1     1
   1    5   -3   0.893033    21.326507     0.276129      21.3283  119.38964    1.92383    4     1     1
   3    5    1   0.891537   -19.168714    -0.187624      19.1696  119.71942    1.56278    4     1     1
   4    2    4   0.890718     9.136113     0.036599      9.13619  119.90107    0.35608    4     1     1
   3    3    4   0.890059     4.379776     0.100271      4.38092  120.04803    0.08208    4     1     1
   1    3    5   0.887351   -23.725569    -0.238424      23.7268  120.65714    2.43315    4     1     1
   6    4    0   0.886457    -1.830212    -0.035351      1.83055  120.86033    0.01453    4     1     1
   8    2    0   0.886052    -0.203906     0.031592     0.206338  120.95254    0.00018    4     1     1
   3    5   -3   0.885681    -4.052818     0.046910      4.05309  121.03746    0.07148    4     1     1
   8    2   -5   0.885025    -6.656322    -0.184173      6.65887  121.18785    0.19345    4     1     1
   3    1    5   0.883096    -7.828125    -0.128707      7.82918  121.63344    0.26957    4     1     1
   7    1    2   0.879164   -17.993916    -0.123111      17.9943  122.55784    1.44841    4     1     1
   0    2    6   0.877153    14.831245     0.185518      14.8324  123.03916    0.99305    4     1     1
   9    1   -1   0.876301    10.996053     0.130906      10.9968  123.24491    0.54799    4     1     1
   3    3   -6   0.875701   -12.406761    -0.222555      12.4088  123.39029    0.69968    4     1     1
   8    0   -6   0.875318   -25.398983    -0.232610         25.4  123.48361    1.46845    2     1     1
   6    4   -4   0.875053    -1.008125    -0.026118      1.00846  123.54816    0.00464    4     1     1
   2    4   -5   0.873699     4.622614    -0.090381       4.6235  123.87988    0.09806    4     1     1
   1    1    6   0.872422    11.009526     0.256048      11.0125  124.19544    0.55973    4     1     1
   7    3   -5   0.871475     2.647168     0.065959      2.64799  124.43106    0.03251    4     1     1
   4    4   -5   0.869832    12.083254     0.192116      12.0848  124.84319    0.68272    4     1     1
   3    1   -7   0.866342    -1.355326    -0.029678      1.35565  125.73372    0.00875    4     1     1
   5    1   -7   0.865548   -13.309622    -0.156154      13.3105  125.93904    0.84681    4     1     1
   5    3   -6   0.861992   -10.281887    -0.081773      10.2822  126.87302    0.51523    4     1     1
   9    1   -5   0.859923     4.800109     0.031016      4.80021  127.42735    0.11362    4     1     1
   1    5    3   0.853735    14.429532     0.072738      14.4297  129.13455    1.06567    4     1     1
