   h    k    l      d (Å)      F(real)      F(imag)          |F|         2θ          I    M ID(λ) Phase
   1    1    1   4.760253   185.346313    22.424902      186.698   18.64208  100.00000    8     1     1
   2    2    0   2.915048   -18.064671    -0.021921      18.0647   30.67326    0.49398   12     1     1
   3    1    1   2.485961  -148.395732   -22.090980      150.031   36.13553   47.74673   24     1     1
   2    2    2   2.380126   117.092070    43.220428      124.814   37.80181    9.97476    8     1     1
   4    0    0   2.061250   403.659337    44.969418      406.157   43.93059   56.66713    6     1     1
   3    3    1   1.891533   -94.858361   -21.762480      97.3227   48.10907   10.59707   24     1     1
   4    2    2   1.683004     9.272792    -0.015549       9.2728   54.53037    0.07233   24     1     1
   3    3    3   1.586751    85.932859    21.443406      88.5679   58.14272    1.90201    8     1     1
   5    1    1   1.586751   150.680402    21.970938      152.274   58.14272   16.86672   24     1     1
   4    4    0   1.457524   327.636487    44.146288      330.597   63.87304   32.25582   12     1     1
   5    3    1   1.393659  -106.776927   -21.640843      108.948   67.17638   12.57605   48     1     1
   4    4    2   1.374167     7.590583     0.071904      7.59092   68.25928    0.02952   24     1     1
   6    2    0   1.303649     4.384112    -0.051288      4.38441   72.51524    0.00872   24     1     1
   5    3    3   1.257351   -99.922359   -21.339831      102.176   75.64163    4.38017   24     1     1
   6    2    2   1.242981   106.603087    41.803313      114.506   76.67365    5.37155   24     1     1
   4    4    4   1.190063   248.600366    43.330032      252.348   80.76161    7.99484    8     1     1
   7    1    1   1.154531   -67.511366   -21.004586      70.7034   83.79556    1.78863   24     1     1
   5    5    1   1.154531   110.938624    21.504103      113.004   83.79556    4.56902   24     1     1
   6    4    2   1.101784   -12.401120    -0.052953      12.4012   88.81773    0.10327   48     1     1
   5    5    3   1.073408  -103.133341   -21.182372      105.286   91.82421    3.62916   24     1     1
   7    3    1   1.073408   -65.853340   -20.717319      69.0353   91.82421    3.12058   48     1     1
   8    0    0   1.030625   225.260967    42.534948      229.242   96.85035    4.21224    6     1     1
   7    3    3   1.007287    42.614506    20.415221      47.2523   99.88916    0.71575   24     1     1
   6    4    4   0.999853     4.705129     0.063389      4.70556  100.90793    0.00711   24     1     1
   6    6    0   0.971683   -17.818529    -0.152371      17.8192  105.02178    0.05191   12     1     1
   8    2    2   0.971683    -8.088338    -0.017281      8.08836  105.02178    0.02139   24     1     1
   5    5    5   0.952051   107.163453    21.050068      109.211  108.15883    1.33093    8     1     1
   7    5    1   0.952051   -73.768723   -20.576543      76.5847  108.15883    3.92696   48     1     1
   6    6    2   0.945766    89.356068    40.425628      98.0752  109.21664    3.25170   24     1     1
   8    4    0   0.921819   183.284852    41.751941       187.98  113.52166   12.54208   24     1     1
   7    5    3   0.905006   -55.142646   -20.309366      58.7638  116.84393    2.56833   48     1     1
   9    1    1   0.905006    84.659597    20.749722      87.1654  116.84393    2.82546   24     1     1
   8    4    2   0.899603     8.590851     0.128916      8.59182  117.97268    0.05587   48     1     1
   6    6    4   0.878920    -3.164727    -0.138687      3.16776  122.61595    0.00412   24     1     1
   9    3    1   0.864311   -81.570791   -20.459108      84.0974  126.26149    6.23268   48     1     1
